% Case saved by PowerWorld Simulator, version 23, build date May 7, 2024
% Case Information Header = 4 lines
% This is a synthetic power system model that does not represent the actual grid. It was developed as part of the US ARPA-E Grid 
% Data research project and contains no CEII.
% Reference: A.B. Birchfield, T. Xu, K.M. Gegner, K.S. Shetye, and T.J. Overbye, "Grid Structural Characteristics as Validation 
% Criteria for Synthetic Networks," to appear, IEEE Transactions on Power Systems, 2017.
function mpc = 200Bus
mpc.version = '2';
mpc.baseMVA =  100.00;

%% bus data 
mpc.bus = [
1	1	0.00	0.00	0.00	0.00	1	0.9999672	-76.665065	115.00	2	1.100	0.900	19.91	0.00	0	0
2	1	10.82	3.08	0.00	0.00	1	0.9997914	-76.684578	115.00	2	1.100	0.900	19.91	0.00	0	0
3	1	0.00	0.00	0.00	0.00	1	1.0178408	-77.968725	115.00	4	1.100	0.900	19.91	0.00	0	0
4	1	2.68	0.76	0.00	0.00	1	1.0178008	-77.973386	115.00	4	1.100	0.900	19.91	0.00	0	0
5	1	0.00	0.00	0.00	0.00	1	1.0263027	-81.890849	115.00	6	1.100	0.900	19.91	0.00	0	0
6	1	10.82	3.08	0.00	0.00	1	1.0261292	-81.909331	115.00	6	1.100	0.900	19.91	0.00	0	0
7	1	0.00	0.00	0.00	0.00	1	0.9905186	-77.829977	115.00	2	1.100	0.900	19.91	0.00	0	0
8	1	34.77	9.91	0.00	0.00	1	0.9899761	-77.891104	115.00	2	1.100	0.900	19.91	0.00	0	0
9	1	0.00	0.00	0.00	0.00	1	0.9949453	-77.179969	115.00	2	1.100	0.900	19.91	0.00	0	0
10	1	62.53	17.82	0.00	0.00	1	0.9938632	-77.317638	115.00	2	1.100	0.900	19.91	0.00	0	0
11	1	0.00	0.00	0.00	0.00	1	1.0365068	-76.287754	115.00	4	1.100	0.900	19.91	0.00	0	0
12	1	0.48	0.14	0.00	0.00	1	1.0364996	-76.288620	115.00	4	1.100	0.900	19.91	0.00	0	0
13	1	4.00	1.14	0.00	0.00	1	1.0364432	-76.295064	115.00	4	1.100	0.900	19.91	0.00	0	0
14	1	0.00	0.00	0.00	0.00	1	1.0357704	-74.965097	230.00	4	1.100	0.900	19.91	0.00	0	0
15	1	0.00	0.00	0.00	30.00	1	1.0380549	-76.092270	115.00	4	1.100	0.900	19.91	0.00	0	0
16	1	70.86	20.19	0.00	0.00	1	1.0370518	-76.207015	115.00	4	1.100	0.900	19.91	0.00	0	0
17	1	0.00	0.00	0.00	0.00	1	1.0059473	-79.528970	115.00	4	1.100	0.900	19.91	0.00	0	0
18	1	1.13	0.32	0.00	0.00	1	1.0059290	-79.531391	115.00	4	1.100	0.900	19.91	0.00	0	0
19	1	1.22	0.35	0.00	0.00	1	1.0059304	-79.530991	115.00	4	1.100	0.900	19.91	0.00	0	0
20	1	1.79	0.51	0.00	0.00	1	1.0059192	-79.532179	115.00	4	1.100	0.900	19.91	0.00	0	0
21	1	7.29	2.08	0.00	0.00	1	1.0058209	-79.544508	115.00	4	1.100	0.900	19.91	0.00	0	0
22	1	0.00	0.00	0.00	0.00	1	1.0356027	-76.304804	115.00	4	1.100	0.900	19.91	0.00	0	0
23	1	2.23	0.64	0.00	0.00	1	1.0355696	-76.308438	115.00	4	1.100	0.900	19.91	0.00	0	0
24	1	3.79	1.08	0.00	0.00	1	1.0355454	-76.310624	115.00	4	1.100	0.900	19.91	0.00	0	0
25	1	0.00	0.00	0.00	0.00	1	1.0267304	-82.152003	115.00	6	1.100	0.900	19.91	0.00	0	0
26	1	1.84	0.52	0.00	0.00	1	1.0267038	-82.154903	115.00	6	1.100	0.900	19.91	0.00	0	0
27	1	0.00	0.00	0.00	0.00	1	1.0361565	-76.475584	115.00	4	1.100	0.900	19.91	0.00	0	0
28	1	3.69	1.05	0.00	0.00	1	1.0360953	-76.483068	115.00	4	1.100	0.900	19.91	0.00	0	0
29	1	0.00	0.00	0.00	0.00	1	0.9998333	-76.340166	115.00	2	1.100	0.900	19.91	0.00	0	0
30	1	86.56	24.67	0.00	0.00	1	0.9984549	-76.485903	115.00	2	1.100	0.900	19.91	0.00	0	0
31	1	0.00	0.00	0.00	0.00	1	0.9992104	-81.465196	115.00	7	1.100	0.900	19.91	0.00	0	0
32	1	0.70	0.20	0.00	0.00	1	0.9991979	-81.466679	115.00	7	1.100	0.900	19.91	0.00	0	0
33	1	8.79	2.50	0.00	0.00	1	0.9990727	-81.482786	115.00	7	1.100	0.900	19.91	0.00	0	0
34	1	0.00	0.00	0.00	0.00	1	1.0222378	-77.114319	115.00	4	1.100	0.900	19.91	0.00	0	0
35	1	32.87	9.37	0.00	0.00	1	1.0217153	-77.177603	115.00	4	1.100	0.900	19.91	0.00	0	0
36	1	0.00	0.00	0.00	0.00	1	1.0057018	-81.471342	115.00	7	1.100	0.900	19.91	0.00	0	0
37	1	4.87	1.39	0.00	0.00	1	1.0056291	-81.480095	115.00	7	1.100	0.900	19.91	0.00	0	0
38	1	40.67	11.59	0.00	0.00	1	1.0050248	-81.547883	115.00	7	1.100	0.900	19.91	0.00	0	0
39	1	11.72	3.34	0.00	0.00	1	1.0087677	-79.388240	115.00	4	1.100	0.900	19.91	0.00	0	0
40	1	3.24	0.92	0.00	0.00	1	1.0087231	-79.393634	115.00	4	1.100	0.900	19.91	0.00	0	0
41	1	60.65	17.28	0.00	0.00	1	1.0177238	-83.459501	115.00	5	1.100	0.900	19.91	0.00	0	0
42	1	16.81	4.79	0.00	0.00	1	1.0190712	-77.428479	115.00	4	1.100	0.900	19.91	0.00	0	0
43	1	3.06	0.87	0.00	0.00	1	0.9945745	-79.880764	115.00	2	1.100	0.900	19.91	0.00	0	0
44	1	6.57	1.87	0.00	0.00	1	1.0149874	-77.557406	115.00	4	1.100	0.900	19.91	0.00	0	0
45	1	0.00	0.00	0.00	0.00	1	1.0281976	-75.643190	230.00	7	1.100	0.900	19.91	0.00	0	0
46	1	8.65	2.46	0.00	0.00	1	1.0257185	-76.433243	115.00	7	1.100	0.900	19.91	0.00	0	0
47	1	2.44	0.70	0.00	0.00	1	1.0333640	-75.493084	115.00	4	1.100	0.900	19.91	0.00	0	0
48	1	2.48	0.71	0.00	0.00	1	1.0256165	-81.848980	115.00	6	1.100	0.900	19.91	0.00	0	0
49	2	0.00	0.00	0.00	0.00	1	1.0373725	-80.581859	13.80	6	1.100	0.900	19.91	0.00	0	0
50	2	0.00	0.00	0.00	0.00	1	1.0346645	-80.885132	13.80	6	1.100	0.900	19.91	0.00	0	0
51	2	0.00	0.00	0.00	0.00	1	1.0389105	-80.387126	13.80	6	1.100	0.900	19.91	0.00	0	0
52	2	0.00	0.00	0.00	0.00	1	1.0341892	-80.944282	13.80	6	1.100	0.900	19.91	0.00	0	0
53	2	0.00	0.00	0.00	0.00	1	1.0400000	-79.067157	13.80	6	1.100	0.900	19.91	0.00	0	0
54	1	4.22	1.20	0.00	0.00	1	1.0303383	-75.919921	115.00	4	1.100	0.900	19.91	0.00	0	0
55	1	0.00	0.00	0.00	0.00	1	1.0253871	-76.490449	230.00	7	1.100	0.900	19.91	0.00	0	0
56	1	1.78	0.51	0.00	0.00	1	1.0235173	-76.784130	115.00	7	1.100	0.900	19.91	0.00	0	0
57	1	4.46	1.27	0.00	0.00	1	1.0151011	-78.454300	115.00	4	1.100	0.900	19.91	0.00	0	0
58	1	5.77	1.65	0.00	0.00	1	1.0129769	-81.284049	115.00	7	1.100	0.900	19.91	0.00	0	0
59	1	6.93	1.98	0.00	0.00	1	0.9971963	-79.980635	115.00	2	1.100	0.900	19.91	0.00	0	0
60	1	5.56	1.58	0.00	0.00	1	1.0163691	-75.202706	115.00	2	1.100	0.900	19.91	0.00	0	0
61	1	28.05	7.99	0.00	0.00	1	1.0217580	-76.982116	115.00	7	1.100	0.900	19.91	0.00	0	0
62	1	33.89	9.66	0.00	0.00	1	1.0160780	-78.312530	115.00	4	1.100	0.900	19.91	0.00	0	0
63	1	12.64	3.60	0.00	0.00	1	1.0285887	-77.848109	115.00	4	1.100	0.900	19.91	0.00	0	0
64	1	0.00	0.00	0.00	0.00	1	1.0292073	-81.630963	115.00	6	1.100	0.900	19.91	0.00	0	0
65	2	0.00	0.00	0.00	0.00	1	1.0400000	-81.421029	13.80	6	1.100	0.900	19.91	0.00	0	0
66	1	0.00	0.00	0.00	0.00	1	1.0367287	-74.990486	115.00	4	1.100	0.900	19.91	0.00	0	0
67	2	0.00	0.00	0.00	0.00	1	1.0400000	-74.647605	13.80	4	1.100	0.900	19.91	0.00	0	0
68	2	0.00	0.00	0.00	0.00	1	1.0400000	-71.061255	13.80	4	1.100	0.900	19.91	0.00	0	0
69	2	0.00	0.00	0.00	0.00	1	1.0400000	-73.587160	13.80	4	1.100	0.900	19.91	0.00	0	0
70	2	0.00	0.00	0.00	0.00	1	1.0400000	-72.035349	13.80	4	1.100	0.900	19.91	0.00	0	0
71	2	0.00	0.00	0.00	0.00	1	1.0400000	-73.786651	13.80	4	1.100	0.900	19.91	0.00	0	0
72	2	0.00	0.00	0.00	0.00	1	1.0400000	-73.890181	13.80	4	1.100	0.900	19.91	0.00	0	0
73	2	0.00	0.00	0.00	0.00	1	1.0400000	-72.823156	13.80	4	1.100	0.900	19.91	0.00	0	0
74	1	25.54	7.28	0.00	0.00	1	1.0175286	-82.488090	115.00	6	1.100	0.900	19.91	0.00	0	0
75	1	5.27	1.50	0.00	0.00	1	1.0151003	-74.814488	115.00	2	1.100	0.900	19.91	0.00	0	0
76	2	0.00	0.00	0.00	0.00	1	1.0310322	-74.342186	13.80	2	1.100	0.900	19.91	0.00	0	0
77	2	0.00	0.00	0.00	0.00	1	1.0400000	-74.008306	13.80	2	1.100	0.900	19.91	0.00	0	0
78	2	0.00	0.00	0.00	0.00	1	1.0151003	-74.814488	13.80	2	1.100	0.900	19.91	0.00	0	0
79	2	0.00	0.00	0.00	0.00	1	1.0151003	-74.814488	13.80	2	1.100	0.900	19.91	0.00	0	0
80	1	2.33	0.67	0.00	0.00	1	1.0198754	-82.050503	115.00	5	1.100	0.900	19.91	0.00	0	0
81	1	0.00	0.00	0.00	0.00	1	1.0242433	-78.194935	230.00	6	1.100	0.900	19.91	0.00	0	0
82	1	10.35	2.95	0.00	0.00	1	1.0247193	-79.511335	115.00	6	1.100	0.900	19.91	0.00	0	0
83	1	4.28	1.22	0.00	0.00	1	1.0117546	-79.986739	115.00	7	1.100	0.900	19.91	0.00	0	0
84	1	5.50	1.57	0.00	0.00	1	0.9975588	-80.113752	115.00	2	1.100	0.900	19.91	0.00	0	0
85	1	7.65	2.18	0.00	0.00	1	1.0068682	-79.644228	115.00	4	1.100	0.900	19.91	0.00	0	0
86	1	12.08	3.44	0.00	0.00	1	0.9924555	-77.512525	115.00	2	1.100	0.900	19.91	0.00	0	0
87	1	0.00	0.00	0.00	0.00	1	1.0302429	-73.726541	230.00	3	1.100	0.900	19.91	0.00	0	0
88	1	74.28	21.17	0.00	0.00	1	1.0262990	-75.589533	115.00	3	1.100	0.900	19.91	0.00	0	0
